"V1"	"V2"	"V3"	"V4"	"V5"	"V6"	"V7"	"V8"	"V9"	"V10"	"V11"	"V12"	"V13"	"V14"	"V15"	"V16"	"V17"	"V18"	"V19"	"V20"	"V21"	"V22"	"V23"	"V24"	"V25"	"V26"	"V27"	"V28"	"V29"	"V30"
"1"	53	0	8	8	18	29	28	1	2	0	2	11	7	4	14	1	1	17	13	5	8	2	19	0	1	3	2	0	14	0
"2"	24	13	0	0	17	58	6	1	0	5	1	6	6	10	3	2	1	10	15	4	6	0	4	0	0	0	0	0	0	0
"3"	59	11	0	4	13	0	22	5	1	7	0	6	5	3	12	1	2	12	6	6	12	0	9	3	2	0	0	2	2	9
"4"	46	1	0	9	12	0	20	1	1	0	1	12	7	5	14	1	1	25	14	4	12	0	1	9	1	0	3	0	10	0
"5"	66	0	0	0	0	0	34	1	0	0	1	8	16	4	19	0	4	18	16	9	15	0	5	6	2	0	1	0	14	0
"6"	30	15	4	6	14	0	17	0	0	7	1	3	5	3	4	1	0	5	11	3	6	0	2	4	1	0	0	0	3	0
"7"	44	15	4	0	22	0	13	1	0	0	1	8	11	3	11	1	2	13	5	8	10	1	0	7	1	6	0	0	8	0
"8"	54	11	4	6	17	0	17	0	0	0	0	6	3	3	4	2	1	11	8	6	13	9	0	7	0	0	0	0	1	7
"9"	39	9	10	19	21	18	37	1	0	16	2	8	12	4	33	3	2	26	25	13	14	4	0	0	0	1	2	0	2	7
"10"	54	0	0	0	12	0	0	1	2	0	0	6	4	3	14	1	1	20	8	0	8	4	0	8	3	0	0	1	6	0
"11"	32	8	0	4	9	6	16	2	0	0	5	21	15	14	20	0	1	16	3	21	49	2	0	0	1	0	2	1	5	0
"12"	61	0	1	8	9	0	12	0	0	0	1	8	6	5	8	0	1	20	12	0	10	0	0	8	0	2	2	1	5	0
"13"	47	0	0	11	14	0	22	0	1	0	0	10	4	4	17	1	1	14	10	7	8	0	0	10	1	0	1	2	0	0
"14"	32	0	3	7	9	62	18	0	1	3	1	7	2	3	10	0	1	12	7	8	14	6	15	6	0	0	0	0	10	0
"15"	20	0	0	0	4	0	0	2	0	0	0	16	0	7	3	1	2	7	0	0	0	7	9	0	2	0	0	0	5	0
"16"	57	23	6	8	16	0	29	1	1	2	2	5	4	3	4	2	3	14	14	14	14	8	0	13	0	0	1	0	0	4
"17"	43	0	0	6	16	0	10	2	0	0	2	8	5	6	7	1	1	6	4	0	6	0	1	10	0	11	0	0	4	0
"18"	67	0	0	0	19	1	10	1	0	6	0	4	2	8	16	1	0	8	4	9	3	1	0	9	1	2	0	0	1	16
"19"	71	1	5	9	16	1	8	1	0	12	0	11	6	7	9	2	2	13	4	9	0	7	0	15	0	0	1	0	1	9
"20"	41	0	0	4	16	0	16	0	0	0	1	5	0	1	8	1	1	8	2	1	0	0	0	6	0	0	0	0	1	0
"21"	20	14	0	6	18	42	10	0	0	4	1	2	2	2	2	0	0	7	10	2	15	0	5	0	1	0	0	0	5	0
"22"	68	12	3	5	9	0	15	0	0	0	1	1	1	5	2	0	1	0	1	0	1	0	0	12	0	0	0	0	3	0
"23"	22	0	0	0	3	49	12	0	3	6	1	7	18	4	10	0	2	10	4	8	6	0	7	0	0	0	0	0	1	5
"24"	76	19	0	8	21	0	10	0	0	1	0	4	2	3	2	0	0	7	3	3	4	3	8	0	0	0	1	2	23	0
"25"	50	14	0	12	21	0	22	1	2	11	1	9	4	5	23	0	2	17	11	0	7	3	0	0	1	0	1	0	5	0
"26"	28	18	6	7	11	0	15	0	0	2	1	5	7	2	11	1	1	9	16	0	4	0	0	6	1	0	2	0	3	0
"27"	66	22	5	14	17	0	16	0	0	0	0	2	0	1	15	1	0	2	6	0	0	3	1	0	0	1	3	0	10	0
"28"	40	29	7	9	15	16	37	2	1	1	3	6	10	4	12	2	2	16	13	4	16	0	21	2	0	3	1	3	5	0
"29"	71	16	6	12	11	0	33	4	1	0	1	12	13	5	24	0	1	23	16	9	11	0	1	12	4	0	3	5	3	0
"30"	85	21	0	0	33	0	25	0	0	0	1	12	6	5	10	2	2	19	7	0	17	0	7	0	1	1	1	1	14	0
"31"	46	17	7	6	36	0	58	2	0	0	2	8	3	4	1	5	3	5	15	20	5	1	1	0	0	0	0	0	2	0
"32"	51	16	4	5	19	17	21	2	0	2	2	7	6	4	5	10	0	7	18	11	4	0	4	12	0	0	0	0	0	5
"33"	14	3	6	8	12	76	14	2	3	16	1	5	13	8	19	3	1	20	23	19	7	5	1	0	4	0	0	0	1	0
"34"	76	0	0	13	0	9	37	2	1	2	2	6	2	1	7	4	3	16	15	5	16	0	0	22	0	0	3	0	1	8
"35"	92	0	0	0	47	0	0	1	0	1	0	9	0	3	34	2	2	30	14	16	17	0	8	0	0	2	1	0	1	0
"36"	57	10	9	0	8	63	15	2	0	0	0	14	5	4	12	1	2	30	11	0	4	0	0	16	3	0	1	0	12	0
"37"	71	0	8	16	12	0	25	1	0	0	2	6	7	0	11	6	1	13	24	16	21	0	2	17	4	0	1	0	5	0
"38"	60	0	0	0	15	0	9	0	0	0	3	14	24	7	11	0	3	47	12	0	12	0	0	16	1	0	1	1	10	0
"39"	60	26	4	13	23	34	36	1	1	9	1	15	5	6	7	5	2	22	18	4	10	4	0	0	0	0	1	1	0	0
"40"	62	0	8	10	19	0	34	3	1	0	1	9	8	2	8	3	0	16	28	13	14	0	0	12	1	0	0	1	11	0
"41"	57	0	0	9	30	0	22	2	0	1	1	5	2	4	8	5	2	14	7	0	7	0	7	0	0	0	3	0	0	0
"42"	39	11	5	0	6	0	4	0	1	0	1	5	2	2	11	1	1	7	6	3	8	3	4	3	1	0	0	0	0	0
"43"	59	15	7	14	20	0	29	2	1	0	1	10	7	3	20	2	3	29	22	0	20	0	12	8	0	0	2	0	4	0
"44"	80	0	0	19	24	0	22	0	0	1	1	10	1	8	11	5	2	34	6	4	5	0	22	0	0	1	2	0	9	0
"45"	40	5	1	2	11	98	5	1	2	5	0	9	3	5	1	0	1	18	3	0	10	0	0	0	1	0	0	0	1	14
"46"	76	16	8	9	22	1	8	0	15	0	1	12	4	6	30	1	3	21	9	4	16	0	8	3	1	1	2	2	7	0
"47"	53	20	8	5	6	0	17	1	0	0	0	5	3	2	8	1	1	12	13	5	15	0	0	18	1	0	1	1	4	0
"48"	81	30	9	15	25	0	22	1	0	0	0	7	9	7	6	1	1	17	8	12	6	7	0	8	0	0	2	1	8	0
"49"	79	0	0	16	14	0	14	1	1	0	1	7	4	0	13	2	2	0	3	26	12	16	9	0	0	0	1	0	0	10
"50"	65	23	6	11	18	0	25	0	3	0	1	9	8	5	9	1	2	24	13	9	11	0	6	0	1	0	1	0	12	0
"51"	75	0	9	8	25	0	17	1	5	0	2	9	13	5	7	2	1	22	10	16	12	0	7	0	1	10	0	1	10	0
"52"	52	1	0	2	33	1	9	1	0	0	1	4	0	1	3	0	0	1	0	0	4	0	0	7	0	0	0	0	1	0
"53"	86	17	0	8	26	0	9	0	0	2	0	7	8	3	14	1	1	6	6	0	4	0	0	0	0	0	0	0	11	0
"54"	38	11	5	11	9	77	11	3	2	6	1	13	21	11	18	1	0	19	13	2	7	0	0	0	2	0	1	1	9	0
"55"	55	8	8	7	27	5	24	2	2	11	6	8	4	11	6	6	0	8	24	7	6	4	0	0	0	0	0	1	0	0
"56"	76	0	0	0	13	1	14	2	0	0	1	12	16	4	31	1	1	21	10	10	0	0	13	0	3	5	0	0	0	11
"57"	87	14	3	15	22	0	40	0	0	0	1	12	4	5	2	1	2	22	5	3	11	8	1	2	1	0	2	2	0	3
"58"	39	4	8	12	29	14	20	1	0	16	4	14	9	4	14	1	1	21	26	15	7	0	0	0	1	4	1	0	2	0
"59"	43	13	2	6	7	0	17	1	0	0	2	8	2	4	4	1	2	11	5	0	4	0	0	9	0	0	0	0	4	0
"60"	56	11	5	2	22	23	7	0	0	4	2	4	5	8	4	1	2	35	9	1	14	15	1	0	0	0	1	0	0	5
"61"	62	1	7	16	14	0	25	1	0	16	2	12	14	5	9	1	2	27	22	26	11	0	0	0	0	0	1	0	13	0
"62"	62	17	6	9	21	24	24	1	1	0	1	10	16	7	9	1	3	28	14	7	12	0	1	15	0	0	1	1	1	14
"63"	88	0	7	8	11	0	24	0	0	0	0	7	3	7	16	0	1	24	14	4	17	0	0	8	1	0	1	0	2	0
"64"	49	16	5	9	18	0	19	3	1	0	1	7	11	3	10	1	1	17	14	4	10	0	3	9	2	5	1	1	18	0
"65"	87	0	0	0	14	0	4	0	1	1	1	9	11	4	15	2	2	24	2	0	5	0	0	17	0	1	2	0	0	0
"66"	65	24	10	9	13	0	15	3	9	0	2	17	13	6	27	1	4	28	15	5	14	0	0	0	1	0	1	5	5	0
"67"	106	0	3	8	22	24	19	1	0	10	0	10	4	8	21	2	1	21	4	2	13	0	0	13	2	0	3	1	9	0
"68"	42	0	2	2	7	97	4	1	0	4	1	3	4	7	14	0	1	35	5	3	4	0	0	0	1	0	1	0	0	16
"69"	47	15	7	14	12	1	21	0	1	0	2	15	14	8	17	7	2	25	11	12	7	0	9	0	0	0	1	0	1	0
"70"	94	0	0	0	22	0	18	0	0	0	1	6	1	3	18	2	1	20	7	8	9	0	16	0	2	2	1	0	0	0
"71"	91	0	0	0	45	0	0	1	0	0	0	20	0	15	11	3	0	8	1	0	0	0	13	0	3	7	4	1	0	0
"72"	86	20	0	11	18	0	43	2	0	0	2	16	11	11	5	10	1	8	25	0	9	0	0	11	0	2	6	1	6	0
"73"	109	0	0	0	0	0	13	1	0	0	0	9	5	0	35	0	2	21	6	10	0	0	7	0	1	1	0	1	19	0
"74"	62	14	7	14	14	0	20	1	5	12	0	7	15	6	28	2	1	28	22	15	19	6	0	8	1	1	0	3	6	0
"75"	29	0	0	6	18	53	14	1	2	0	2	5	7	4	15	1	0	15	14	5	12	0	16	0	2	0	0	1	2	0
"76"	32	0	0	6	8	5	19	7	0	1	3	9	6	8	3	1	1	5	20	9	9	0	11	3	2	0	0	0	0	1
"77"	51	0	3	12	28	0	20	0	1	1	1	7	4	4	11	2	1	15	6	3	11	0	7	0	2	0	1	1	5	0
"78"	31	0	0	0	22	0	15	1	0	1	4	9	0	0	8	2	1	16	4	11	7	0	15	0	0	1	1	0	0	0
"79"	41	6	2	6	15	3	21	0	2	7	1	5	3	5	2	4	0	10	12	8	9	0	0	0	0	0	1	0	2	1
"80"	73	21	6	0	5	0	12	1	5	0	2	7	8	7	12	1	1	10	13	2	10	0	7	0	1	10	2	1	9	0
"81"	23	1	3	2	8	0	16	1	0	4	0	5	7	2	2	0	1	7	9	6	4	0	0	0	0	0	1	0	1	0
"82"	35	7	0	4	8	0	10	1	1	8	0	4	3	2	6	0	0	5	3	8	6	0	0	2	1	0	0	1	0	1
"83"	65	20	0	8	12	0	17	2	0	0	1	15	1	6	12	0	2	9	3	0	0	18	0	12	0	0	0	0	2	0
"84"	50	0	0	8	22	0	24	2	0	4	1	1	0	2	2	3	0	3	3	3	4	0	17	0	1	1	0	0	5	0
"85"	39	0	0	0	0	0	0	1	2	0	0	8	0	0	16	1	1	0	3	0	0	0	3	0	0	10	1	1	0	9
"86"	19	5	2	7	7	35	7	1	3	2	0	5	2	3	8	0	1	10	6	3	17	0	0	6	0	3	1	0	0	9
"87"	54	26	0	13	19	45	30	0	2	4	1	9	10	9	21	2	4	24	17	9	10	0	0	0	0	2	2	4	8	0
"88"	66	0	0	0	15	0	0	2	2	0	1	7	0	7	34	0	5	36	7	6	0	0	14	0	1	0	0	0	6	0
"89"	87	0	0	0	22	0	22	1	0	0	0	14	0	0	12	2	1	0	7	0	0	0	0	11	1	6	3	0	10	0
"90"	90	0	0	9	19	0	19	1	4	0	1	9	5	2	3	2	0	3	2	0	0	2	0	11	0	1	2	0	0	2
"91"	64	28	13	14	18	0	24	0	2	0	1	9	5	3	19	1	1	21	16	11	20	0	0	7	0	5	0	2	5	13
"92"	73	0	0	7	16	0	25	1	1	1	2	8	1	4	8	1	1	16	9	0	18	0	1	18	2	0	0	0	8	0
"93"	66	0	0	0	15	0	0	1	0	0	0	6	1	2	8	7	1	22	2	7	3	0	1	4	2	0	1	0	0	16
"94"	36	0	0	6	16	34	9	4	0	0	1	10	8	4	12	1	4	23	6	14	13	0	27	0	1	0	2	0	13	0
"95"	64	0	3	16	33	3	26	2	1	0	2	9	3	5	5	3	0	6	17	15	2	0	5	0	0	4	1	0	2	0
"96"	48	27	0	10	7	0	28	0	1	0	1	4	6	2	15	1	1	15	12	6	14	0	12	0	2	0	1	2	8	0
"97"	21	14	4	7	6	70	9	1	2	0	0	6	6	4	9	1	3	11	7	6	5	0	7	11	0	0	1	1	0	4
"98"	40	18	8	14	33	16	25	0	0	7	1	4	3	3	2	1	3	13	26	5	9	0	7	4	0	0	0	1	0	4
